Zero 115 170 30 284 36 0
One 170 214 212 282 36 1
Two 170 214 125 185 36 2
Three 170 214 41 101 36 3
Four 239 271 212 282 36 4
Five 239 271 125 185 36 5
Six 239 271 41 101 36 6
Seven 296 328 212 282 36 7
Eight 296 328 125 185 36 8
Nine 296 328 41 101 36 9
Ten 353 385 212 282 36 10
Eleven 353 385 125 185 36 11
Twelve 353 385 41 101 36 12
Thirteen 409 441 212 282 36 13
Fourteen 409 441 125 185 36 14
Fifteen 409 441 41 101 36 15
Sixteen 466 498 212 282 36 16
Seventeen 466 498 125 185 36 17
Eighteen 466 498 41 101 36 18
Nineteen 523 555 212 282 36 19
Twenty 523 555 125 185 36 20
Twenty-One 523 555 41 101 36 21
Twenty-Two 580 612 212 282 36 22
Twenty-Three 580 612 125 185 36 23
Twenty-Four 580 612 41 101 36 24
Twenty-Five 637 669 212 282 36 25
Twenty-Six 637 669 125 185 36 26
Twenty-Seven 637 669 41 101 36 27
Twenty-Eight 693 725 212 282 36 28
Twenty-Nine 693 725 125 185 36 29
Thirty 693 725 41 101 36 30
Thirty-One 750 782 212 282 36 31
Thirty-Two 750 782 125 185 36 32
Thirty-Three 750 782 41 101 36 33
Thirty-Four 807 853 212 282 36 34
Thirty-Five 807 853 125 185 36 35
Thirty-Six 807 853 41 101 36 36
Red 399 508 371 453 2 1,3,5,7,9,12,14,16,18,19,21,23,25,27,30,32,34,36
Black 511 622 371 453 2 2,4,6,8,10,11,13,15,17,20,22,24,26,28,29,31,33,35
Even 285 396 371 453 2 2,4,6,8,10,12,14,16,18,20,22,24,26,28,30,32,34,36
Odd 625 736 371 453 2 1,3,5,7,9,11,13,15,17,19,21,23,25,27,29,31,33,35
1to18 172 282 371 453 2 1,2,3,4,5,6,7,8,9,10,11,12,13,14,15,16,17,18
19to36 739 850 371 453 2 19,20,21,22,23,24,25,26,27,28,29,30,31,32,33,34,35,36
1st12 172 396 285 368 3 1,2,3,4,5,6,7,8,9,10,11,12
2nd12 399 622 285 368 3 13,14,15,16,17,18,19,20,21,22,23,24
3rd12 625 850 285 368 3 25,26,27,28,29,30,31,32,33,34,35,36
TopRow 853 905 30 111 3 3,6,9,12,15,18,21,24,27,30,33,36
MiddleRow 853 905 114 198 3 2,5,8,11,14,17,20,23,26,29,32,35
BottomRow 853 905 201 282 3 1,4,7,10,13,16,19,22,25,28,31,34
1to6 217 237 19 39 6 1,2,3,4,5,6
4to9 274 294 19 39 6 4,5,6,7,8,9
7to12 331 351 19 39 6 7,8,9,10,11,12
10to15 388 408 19 39 6 10,11,12,13,14,15
13to18 444 464 19 39 6 13,14,15,16,17,18
16to21 500 520 19 39 6 16,17,18,19,20,21
19to24 558 578 19 39 6 19,20,21,22,23,24
22to27 614 634 19 39 6 22,23,24,25,26,27
25to30 671 691 19 39 6 25,26,27,28,29,30
28to33 728 748 19 39 6 28,29,30,31,32,33
31to36 784 804 19 39 6 31,32,33,34,35,36
Corner 217 237 190 210 9 1,2,4,5
Corner 274 294 190 210 9 4,5,7,8
Corner 331 351 190 210 9 7,8,10,11
Corner 388 408 190 210 9 10,11,13,14
Corner 444 464 190 210 9 13,14,16,17
Corner 500 520 190 210 9 16,17,19,20
Corner 558 578 190 210 9 19,20,22,23
Corner 614 634 190 210 9 22,23,25,26
Corner 671 691 190 210 9 25,26,28,29
Corner 728 748 190 210 9 28,29,31,32
Corner 784 804 190 210 9 31,32,34,35
Corner 217 237 103 123 9 2,3,5,6
Corner 274 294 103 123 9 5,6,8,9
Corner 331 351 103 123 9 8,9,11,12
Corner 388 408 103 123 9 11,12,14,15
Corner 444 464 103 123 9 14,15,17,18
Corner 500 520 103 123 9 17,18,20,21
Corner 558 578 103 123 9 20,21,23,24
Corner 614 634 103 123 9 23,24,26,27
Corner 671 691 103 123 9 26,27,29,30
Corner 728 748 103 123 9 29,30,32,33
Corner 784 804 103 123 9 32,33,35,36
Split 170 214 190 210 18 1,2
Split 239 271 190 210 18 4,5
Split 296 328 190 210 18 7,8
Split 353 385 190 210 18 10,11
Split 409 441 190 210 18 13,14
Split 466 498 190 210 18 16,17
Split 523 555 190 210 18 19,20
Split 580 612 190 210 18 22,23
Split 637 669 190 210 18 25,26
Split 693 725 190 210 18 28,29
Split 750 782 190 210 18 31,32
Split 807 853 190 210 18 34,35
Split 170 214 103 123 18 2,3
Split 239 271 103 123 18 5,6
Split 296 328 103 123 18 8,9
Split 353 385 103 123 18 11,12
Split 409 441 103 123 18 14,15
Split 466 498 103 123 18 17,18
Split 523 555 103 123 18 20,21
Split 580 612 103 123 18 23,24
Split 637 669 103 123 18 26,27
Split 693 725 103 123 18 29,30
Split 750 782 103 123 18 32,33
Split 807 853 103 123 18 35,36
Split 217 237 212 285 18 1,4
Split 274 294 212 285 18 4,7
Split 331 351 212 285 18 7,10
Split 388 408 212 285 18 10,13
Split 444 464 212 285 18 13,16
Split 500 520 212 285 18 16,19
Split 558 578 212 285 18 19,22
Split 614 634 212 285 18 22,25
Split 671 691 212 285 18 25,28
Split 728 748 212 285 18 28,31
Split 784 804 212 285 18 31,34
Split 217 237 125 185 18 2,5
Split 274 294 125 185 18 5,8
Split 331 351 125 185 18 8,11
Split 388 408 125 185 18 11,14
Split 444 464 125 185 18 14,17
Split 500 520 125 185 18 17,20
Split 558 578 125 185 18 20,23
Split 614 634 125 185 18 23,26
Split 671 691 125 185 18 26,29
Split 728 748 125 185 18 29,32
Split 784 804 125 185 18 32,35
Split 217 237 41 101 18 3,6
Split 274 294 42 102 18 6,9
Split 331 351 43 103 18 9,12
Split 388 408 44 104 18 12,15
Split 444 464 45 105 18 15,18
Split 500 520 46 106 18 18,21
Split 558 578 47 107 18 21,24
Split 614 634 48 108 18 24,27
Split 671 691 49 109 18 27,30
Split 728 748 50 110 18 30,33
Split 784 804 51 111 18 33,36
Street 170 214 19 39 12 1,2,3
Street 239 271 19 39 12 4,5,6
Street 296 328 19 39 12 7,8,9
Street 353 385 19 39 12 10,11,12
Street 409 441 19 39 12 13,14,15
Street 466 498 19 39 12 16,17,18
Street 523 555 19 39 12 19,20,21
Street 580 612 19 39 12 22,23,24
Street 637 669 19 39 12 25,26,27
Street 693 725 19 39 12 28,29,30
Street 750 782 19 39 12 31,32,33
Street 807 853 19 39 12 34,35,36